kernel line : count latency dram_traffic smem_bk_conflicts smem_warp gmem_access_generated gmem_warp exposed_latency warp_divergence
pagerank.1.sm_75.ptx 144 : 299264 1595552 0 0 0 0 0 0 0 
pagerank.1.sm_75.ptx 141 : 369079 1117734 0 0 0 0 0 0 28577 
pagerank.1.sm_75.ptx 140 : 369079 2321447 0 0 0 0 0 0 0 
pagerank.1.sm_75.ptx 139 : 369079 3714754 0 0 0 0 0 0 0 
pagerank.1.sm_75.ptx 138 : 369079 3411567 0 0 0 0 0 0 0 
pagerank.1.sm_75.ptx 137 : 369079 101601777 191328 0 0 318798 58245 0 0 
pagerank.1.sm_75.ptx 136 : 369079 16308699 0 0 0 0 0 0 0 
pagerank.1.sm_75.ptx 135 : 369079 15663773 0 0 0 137939 58245 0 0 
pagerank.1.sm_75.ptx 134 : 369079 3458597 0 0 0 0 0 0 0 
pagerank.1.sm_75.ptx 133 : 369079 3427730 0 0 0 0 0 0 0 
pagerank.1.sm_75.ptx 132 : 369079 73745138 587712 0 0 348054 58245 0 0 
pagerank.1.sm_75.ptx 131 : 369079 102197424 181184 0 0 312748 58245 0 0 
pagerank.1.sm_75.ptx 130 : 369079 16334720 0 0 0 0 0 0 0 
pagerank.1.sm_75.ptx 129 : 369079 15920200 0 0 0 137939 58245 0 0 
pagerank.1.sm_75.ptx 128 : 369079 3453799 0 0 0 0 0 0 0 
pagerank.1.sm_75.ptx 127 : 369079 3418464 0 0 0 0 0 0 0 
pagerank.1.sm_75.ptx 126 : 369079 75130237 589536 0 0 348002 58245 0 0 
pagerank.1.sm_75.ptx 125 : 369079 102261879 169024 0 0 316125 58245 0 0 
pagerank.1.sm_75.ptx 124 : 369079 16309950 0 0 0 0 0 0 0 
pagerank.1.sm_75.ptx 123 : 369079 15909572 0 0 0 137939 58245 0 0 
pagerank.1.sm_75.ptx 122 : 369079 3459639 0 0 0 0 0 0 0 
pagerank.1.sm_75.ptx 121 : 369079 3422012 0 0 0 0 0 0 0 
pagerank.1.sm_75.ptx 120 : 369079 77328347 587424 0 0 348049 58245 0 0 
pagerank.1.sm_75.ptx 119 : 369079 103674044 141920 0 0 325181 58245 0 0 
pagerank.1.sm_75.ptx 118 : 369079 16335907 0 0 0 0 0 0 0 
pagerank.1.sm_75.ptx 117 : 369079 15988522 544 0 0 137939 58245 0 0 
pagerank.1.sm_75.ptx 116 : 369079 3445233 0 0 0 0 0 0 0 
pagerank.1.sm_75.ptx 115 : 369079 3419796 0 0 0 0 0 0 0 
pagerank.1.sm_75.ptx 114 : 369079 122137657 1460192 0 0 348048 58245 0 0 
pagerank.1.sm_75.ptx 111 : 155058 1438320 0 0 0 0 0 0 0 
pagerank.1.sm_75.ptx 110 : 155058 1420317 0 0 0 0 0 0 0 
pagerank.1.sm_75.ptx 108 : 299067 767303 0 0 0 0 0 0 9106 
pagerank.1.sm_75.ptx 107 : 299067 2137725 0 0 0 0 0 0 0 
pagerank.1.sm_75.ptx 104 : 244492 2306418 0 0 0 0 0 0 0 
pagerank.1.sm_75.ptx 103 : 244492 81407282 20480 0 0 190243 9346 0 0 
pagerank.1.sm_75.ptx 102 : 244492 10811133 0 0 0 0 0 0 0 
pagerank.1.sm_75.ptx 101 : 244492 14076982 12128 0 0 37361 9346 0 0 
pagerank.1.sm_75.ptx 35 : 299264 5684192 0 0 0 0 0 0 0 
pagerank.1.sm_75.ptx 75 : 73178 685929 0 0 0 0 0 0 0 
pagerank.1.sm_75.ptx 72 : 161366 480122 0 0 0 0 0 0 9270 
pagerank.1.sm_75.ptx 71 : 161366 1023429 0 0 0 0 0 0 0 
pagerank.1.sm_75.ptx 43 : 299264 2067936 0 0 0 0 0 0 0 
pagerank.1.sm_75.ptx 31 : 299264 2982592 0 0 0 0 0 0 0 
pagerank.1.sm_75.ptx 47 : 299067 2958803 0 0 0 0 0 0 0 
pagerank.1.sm_75.ptx 214 : 299264 2405984 0 0 0 0 0 0 0 
pagerank.1.sm_75.ptx 46 : 299067 1992221 0 0 0 0 0 0 0 
pagerank.1.sm_75.ptx 213 : 299264 4736512 0 0 0 0 0 0 0 
pagerank.1.sm_75.ptx 44 : 299264 1113 0 0 0 0 0 0 1 
pagerank.1.sm_75.ptx 211 : 299264 3170432 0 0 0 0 0 0 0 
pagerank.1.sm_75.ptx 212 : 299264 4176736 0 0 0 0 0 0 0 
pagerank.1.sm_75.ptx 32 : 299264 4300512 0 0 0 0 0 0 0 
pagerank.1.sm_75.ptx 33 : 299264 5159328 0 0 0 0 0 0 0 
pagerank.1.sm_75.ptx 34 : 299264 5437440 0 0 0 0 0 0 0 
pagerank.1.sm_75.ptx 228 : 299067 3364718 0 0 0 0 0 0 0 
pagerank.1.sm_75.ptx 61 : 299067 2753427 0 0 0 0 0 0 0 
pagerank.1.sm_75.ptx 36 : 299264 5524160 0 0 0 0 0 0 0 
pagerank.1.sm_75.ptx 54 : 299066 129640180 29312 0 0 46729 9346 0 0 
pagerank.1.sm_75.ptx 221 : 299067 2020706 0 0 0 0 0 0 0 
pagerank.1.sm_75.ptx 230 : 299067 7885644 0 0 0 37384 9346 0 0 
pagerank.1.sm_75.ptx 63 : 299067 1860226 0 0 0 0 0 0 0 
pagerank.1.sm_75.ptx 37 : 299264 3328800 0 0 0 0 0 0 0 
pagerank.1.sm_75.ptx 222 : 299067 2068866 0 0 0 0 0 0 0 
pagerank.1.sm_75.ptx 64 : 299067 1892450 0 0 0 0 0 0 0 
pagerank.1.sm_75.ptx 38 : 299264 2334944 0 0 0 0 0 0 0 
pagerank.1.sm_75.ptx 223 : 299067 10437310 0 0 0 0 0 0 0 
pagerank.1.sm_75.ptx 65 : 299067 1876322 0 0 0 0 0 0 0 
pagerank.1.sm_75.ptx 39 : 299264 2026848 0 0 0 0 0 0 0 
pagerank.1.sm_75.ptx 57 : 299067 1926786 0 0 0 0 0 0 0 
pagerank.1.sm_75.ptx 224 : 299067 3567827 0 0 0 0 0 0 0 
pagerank.1.sm_75.ptx 233 : 299264 2793568 0 0 0 0 0 0 0 
pagerank.1.sm_75.ptx 66 : 299067 300768 0 0 0 0 0 0 8973 
pagerank.1.sm_75.ptx 40 : 299264 1964160 0 0 0 0 0 0 0 
pagerank.1.sm_75.ptx 58 : 299067 0 0 0 0 0 0 0 0 
pagerank.1.sm_75.ptx 225 : 299067 3380691 0 0 0 0 0 0 0 
pagerank.1.sm_75.ptx 41 : 299264 1965568 0 0 0 0 0 0 0 
pagerank.1.sm_75.ptx 226 : 299067 2250124 0 0 0 37384 9346 0 0 
pagerank.1.sm_75.ptx 68 : 244492 1564508 0 0 0 0 0 0 0 
pagerank.1.sm_75.ptx 42 : 299264 3029088 0 0 0 0 0 0 0 
pagerank.1.sm_75.ptx 60 : 299067 1885410 0 0 0 0 0 0 0 
pagerank.1.sm_75.ptx 227 : 299067 2427938 0 0 0 0 0 0 0 
pagerank.1.sm_75.ptx 69 : 244492 453452 0 0 0 0 0 0 9339 
pagerank.1.sm_75.ptx 215 : 299264 2346944 0 0 0 0 0 0 0 
pagerank.1.sm_75.ptx 48 : 299067 2878899 0 0 0 0 0 0 0 
pagerank.1.sm_75.ptx 216 : 299264 2320960 0 0 0 0 0 0 0 
pagerank.1.sm_75.ptx 49 : 299067 134070273 1166976 0 0 37384 9346 0 0 
pagerank.1.sm_75.ptx 217 : 299264 3314592 0 0 0 0 0 0 0 
pagerank.1.sm_75.ptx 50 : 299067 2915827 0 0 0 0 0 0 0 
pagerank.1.sm_75.ptx 218 : 299264 2314016 0 0 0 0 0 0 0 
pagerank.1.sm_75.ptx 51 : 299067 1998301 0 0 0 0 0 0 0 
pagerank.1.sm_75.ptx 219 : 299264 1049 0 0 0 0 0 0 1 
pagerank.1.sm_75.ptx 52 : 299067 5 0 0 0 0 0 0 1 
pagerank.1.sm_75.ptx 229 : 299067 2894151 0 0 0 0 0 0 0 
pagerank.1.sm_75.ptx 62 : 299067 3108558 0 0 0 0 0 0 0 
pagerank.1.sm_75.ptx 74 : 73178 675740 0 0 0 0 0 0 0 
pagerank.1.sm_75.ptx 76 : 73178 34684437 1921472 0 0 60522 9275 0 0 
pagerank.1.sm_75.ptx 85 : 161366 1476970 0 0 0 0 0 0 0 
pagerank.1.sm_75.ptx 86 : 161366 1497135 0 0 0 0 0 0 0 
pagerank.1.sm_75.ptx 87 : 161366 82668714 1613152 0 0 108980 9343 0 0 
pagerank.1.sm_75.ptx 77 : 73178 668734 0 0 0 0 0 0 0 
pagerank.1.sm_75.ptx 78 : 73178 667645 0 0 0 0 0 0 0 
pagerank.1.sm_75.ptx 79 : 73178 32805990 942592 0 0 31016 9275 0 0 
pagerank.1.sm_75.ptx 80 : 73178 3231411 0 0 0 0 0 0 0 
pagerank.1.sm_75.ptx 81 : 73178 24471781 34560 0 0 70513 9275 0 0 
pagerank.1.sm_75.ptx 88 : 161366 1481694 0 0 0 0 0 0 0 
pagerank.1.sm_75.ptx 89 : 161366 1479790 0 0 0 0 0 0 0 
pagerank.1.sm_75.ptx 90 : 161366 33451747 183296 0 0 36970 9343 0 0 
pagerank.1.sm_75.ptx 82 : 73178 673299 0 0 0 0 0 0 0 
pagerank.1.sm_75.ptx 91 : 161366 7139470 0 0 0 0 0 0 0 
pagerank.1.sm_75.ptx 92 : 161366 53669890 20320 0 0 143699 9343 0 0 
pagerank.1.sm_75.ptx 93 : 161366 1493137 0 0 0 0 0 0 0 
pagerank.1.sm_75.ptx 96 : 244492 2243094 0 0 0 0 0 0 0 
pagerank.1.sm_75.ptx 97 : 244492 2265620 0 0 0 0 0 0 0 
pagerank.1.sm_75.ptx 98 : 244492 105247651 1071456 0 0 139160 9346 0 0 
pagerank.1.sm_75.ptx 99 : 244492 2286387 0 0 0 0 0 0 0 
pagerank.1.sm_75.ptx 100 : 244492 2280480 0 0 0 0 0 0 0 
