kernel line : count latency dram_traffic smem_bk_conflicts smem_warp gmem_access_generated gmem_warp exposed_latency warp_divergence
bc.1.sm_75.ptx 104 : 3351 863105 30944 0 0 3336 3009 0 0 
bc.1.sm_75.ptx 103 : 3351 1109548 52160 0 0 3218 3009 0 0 
bc.1.sm_75.ptx 102 : 3351 30926 0 0 0 0 0 0 0 
bc.1.sm_75.ptx 96 : 2288 14170 0 0 0 0 0 0 0 
bc.1.sm_75.ptx 95 : 2288 10002 0 0 0 2164 2033 0 0 
bc.1.sm_75.ptx 94 : 2288 20901 0 0 0 0 0 0 0 
bc.1.sm_75.ptx 93 : 2288 9960 0 0 0 2033 2033 0 0 
bc.1.sm_75.ptx 92 : 2288 12514 0 0 0 0 0 0 0 
bc.1.sm_75.ptx 132 : 8864 2222907 67648 0 0 8739 7341 0 0 
bc.1.sm_75.ptx 131 : 8864 2465113 119008 0 0 8305 7341 0 0 
bc.1.sm_75.ptx 130 : 8864 81813 0 0 0 0 0 0 0 
bc.1.sm_75.ptx 124 : 6039 36999 0 0 0 0 0 0 0 
bc.1.sm_75.ptx 123 : 6039 26554 0 0 0 5778 5190 0 0 
bc.1.sm_75.ptx 122 : 6039 55007 0 0 0 0 0 0 0 
bc.1.sm_75.ptx 121 : 6039 26221 0 0 0 5190 5190 0 0 
bc.1.sm_75.ptx 120 : 6039 33003 0 0 0 0 0 0 0 
bc.1.sm_75.ptx 160 : 16739 4232656 132480 0 0 16374 12683 0 0 
bc.1.sm_75.ptx 159 : 16739 4037701 180832 0 0 15332 12683 0 0 
bc.1.sm_75.ptx 158 : 16739 154515 0 0 0 0 0 0 0 
bc.1.sm_75.ptx 152 : 11552 71111 0 0 0 0 0 0 0 
bc.1.sm_75.ptx 151 : 11552 51922 0 0 0 11093 9398 0 0 
bc.1.sm_75.ptx 150 : 11552 105262 0 0 0 0 0 0 0 
bc.1.sm_75.ptx 149 : 11552 50779 0 0 0 9398 9398 0 0 
bc.1.sm_75.ptx 148 : 11552 62942 0 0 0 0 0 0 0 
bc.1.sm_75.ptx 107 : 73178 666528 0 0 0 0 0 0 0 
bc.1.sm_75.ptx 100 : 73178 368857 0 0 0 0 0 0 1903 
bc.1.sm_75.ptx 99 : 73178 449262 0 0 0 0 0 0 0 
bc.1.sm_75.ptx 90 : 73178 374414 0 0 0 0 0 0 1282 
bc.1.sm_75.ptx 89 : 73178 451339 0 0 0 0 0 0 0 
bc.1.sm_75.ptx 88 : 73178 16336023 23744 0 0 50598 26638 0 0 
bc.1.sm_75.ptx 87 : 73178 665531 0 0 0 0 0 0 0 
bc.1.sm_75.ptx 86 : 73178 668420 0 0 0 0 0 0 0 
bc.1.sm_75.ptx 85 : 73178 30032039 2032512 0 0 64313 26638 0 0 
bc.1.sm_75.ptx 84 : 73178 666456 0 0 0 0 0 0 0 
bc.1.sm_75.ptx 83 : 73178 672740 0 0 0 0 0 0 0 
bc.1.sm_75.ptx 82 : 73178 462331 0 0 0 0 0 0 0 
bc.1.sm_75.ptx 163 : 244492 2228619 0 0 0 0 0 0 0 
bc.1.sm_75.ptx 156 : 244492 1205546 0 0 0 0 0 0 11071 
bc.1.sm_75.ptx 155 : 244492 1501727 0 0 0 0 0 0 0 
bc.1.sm_75.ptx 146 : 244492 1228281 0 0 0 0 0 0 8343 
bc.1.sm_75.ptx 145 : 244492 1506725 0 0 0 0 0 0 0 
bc.1.sm_75.ptx 144 : 244492 56345722 97024 0 0 167721 41229 0 0 
bc.1.sm_75.ptx 143 : 244492 2223565 0 0 0 0 0 0 0 
bc.1.sm_75.ptx 142 : 244492 2231240 0 0 0 0 0 0 0 
bc.1.sm_75.ptx 141 : 244492 80278206 2022720 0 0 185631 41229 0 0 
bc.1.sm_75.ptx 140 : 244492 2224173 0 0 0 0 0 0 0 
bc.1.sm_75.ptx 139 : 244492 2226299 0 0 0 0 0 0 0 
bc.1.sm_75.ptx 138 : 244492 1741531 0 0 0 0 0 0 0 
bc.1.sm_75.ptx 135 : 161366 1471806 0 0 0 0 0 0 0 
bc.1.sm_75.ptx 128 : 161366 807251 0 0 0 0 0 0 5892 
bc.1.sm_75.ptx 127 : 161366 993335 0 0 0 0 0 0 0 
bc.1.sm_75.ptx 118 : 161366 821916 0 0 0 0 0 0 4179 
bc.1.sm_75.ptx 117 : 161366 997891 0 0 0 0 0 0 0 
bc.1.sm_75.ptx 116 : 161366 36019736 48224 0 0 110673 36328 0 0 
bc.1.sm_75.ptx 115 : 161366 1468644 0 0 0 0 0 0 0 
bc.1.sm_75.ptx 114 : 161366 1474228 0 0 0 0 0 0 0 
bc.1.sm_75.ptx 65 : 299067 1851550 0 0 0 0 0 0 0 
bc.1.sm_75.ptx 232 : 369079 2282088 0 0 0 0 0 0 0 
bc.1.sm_75.ptx 57 : 299067 114697322 3276928 0 0 107844 42642 0 0 
bc.1.sm_75.ptx 56 : 299067 2777966 0 0 0 0 0 0 0 
bc.1.sm_75.ptx 223 : 369079 1545142 0 0 0 0 0 0 31618 
bc.1.sm_75.ptx 32 : 4786176 36229600 0 0 0 0 0 0 0 
bc.1.sm_75.ptx 199 : 369079 78370404 398624 0 0 277578 118511 0 0 
bc.1.sm_75.ptx 616 : 1 7 0 0 0 0 0 0 0 
bc.1.sm_75.ptx 62 : 299066 110729317 248288 0 0 115727 42642 0 0 
bc.1.sm_75.ptx 229 : 73967 451306 0 0 0 0 0 0 0 
bc.1.sm_75.ptx 615 : 1 4 0 0 0 1 1 0 0 
bc.1.sm_75.ptx 614 : 1 21 0 0 0 0 0 0 0 
bc.1.sm_75.ptx 113 : 161366 58302087 2246080 0 0 130513 36328 0 0 
bc.1.sm_75.ptx 625 : 299136 2940672 0 0 0 0 0 0 0 
bc.1.sm_75.ptx 622 : 299066 6941640 0 0 0 37384 9346 0 0 
bc.1.sm_75.ptx 60 : 299067 5 0 0 0 0 0 0 1 
bc.1.sm_75.ptx 227 : 73967 671686 0 0 0 0 0 0 0 
bc.1.sm_75.ptx 613 : 1 9 0 0 0 0 0 0 0 
bc.1.sm_75.ptx 112 : 161366 1468739 0 0 0 0 0 0 0 
bc.1.sm_75.ptx 621 : 299066 2857878 0 0 0 0 0 0 0 
bc.1.sm_75.ptx 59 : 299067 1857477 0 0 0 0 0 0 0 
bc.1.sm_75.ptx 226 : 73967 320853 0 0 0 56577 56577 0 0 
bc.1.sm_75.ptx 612 : 1 4 0 0 0 1 1 0 0 
bc.1.sm_75.ptx 111 : 161366 1470276 0 0 0 0 0 0 0 
bc.1.sm_75.ptx 58 : 299067 2744606 0 0 0 0 0 0 0 
bc.1.sm_75.ptx 225 : 73967 397520 0 0 0 0 0 0 0 
bc.1.sm_75.ptx 611 : 1 8 0 0 0 0 0 0 0 
bc.1.sm_75.ptx 110 : 161366 1132401 0 0 0 0 0 0 0 
bc.1.sm_75.ptx 620 : 299066 3709034 0 0 0 0 0 0 0 
bc.1.sm_75.ptx 66 : 299067 0 0 0 0 0 0 0 0 
bc.1.sm_75.ptx 233 : 369079 1316049 0 0 0 0 0 0 37414 
bc.1.sm_75.ptx 619 : 299066 5373608 0 0 0 37384 9346 0 0 
bc.1.sm_75.ptx 55 : 299067 1885000 0 0 0 0 0 0 0 
bc.1.sm_75.ptx 222 : 369079 2256345 0 0 0 0 0 0 0 
bc.1.sm_75.ptx 608 : 299066 2133890 0 0 0 0 0 0 0 
bc.1.sm_75.ptx 686 : 299136 1667712 0 0 0 0 0 0 0 
bc.1.sm_75.ptx 185 : 60394 368409 0 0 0 0 0 0 0 
bc.1.sm_75.ptx 607 : 299067 9 0 0 0 0 0 0 1 
bc.1.sm_75.ptx 53 : 4785072 28282477 0 0 0 0 0 0 42632 
bc.1.sm_75.ptx 220 : 369079 3384382 0 0 0 0 0 0 0 
bc.1.sm_75.ptx 606 : 299067 2451581 0 0 0 0 0 0 0 
bc.1.sm_75.ptx 52 : 4785072 35725499 0 0 0 0 0 0 0 
bc.1.sm_75.ptx 219 : 369079 3350564 0 0 0 0 0 0 0 
bc.1.sm_75.ptx 268 : 4786176 30336928 0 0 0 0 0 0 0 
bc.1.sm_75.ptx 605 : 299067 3250451 0 0 0 0 0 0 0 
bc.1.sm_75.ptx 45 : 4786176 42937120 0 0 0 0 0 0 0 
bc.1.sm_75.ptx 677 : 299136 345 0 0 0 0 0 0 1 
bc.1.sm_75.ptx 176 : 369079 3383642 0 0 0 0 0 0 0 
bc.1.sm_75.ptx 50 : 4785072 49353520 0 0 0 0 0 0 0 
bc.1.sm_75.ptx 682 : 299067 2267613 0 0 0 0 0 0 0 
bc.1.sm_75.ptx 181 : 60394 324155 0 0 0 0 0 0 0 
bc.1.sm_75.ptx 603 : 299067 2490712 0 0 0 0 0 0 0 
bc.1.sm_75.ptx 49 : 4785072 48817145 0 0 0 0 0 0 0 
bc.1.sm_75.ptx 681 : 299067 2913747 0 0 0 0 0 0 0 
bc.1.sm_75.ptx 33 : 4786176 51490560 0 0 0 0 0 0 0 
bc.1.sm_75.ptx 200 : 369079 2257932 0 0 0 0 0 0 0 
bc.1.sm_75.ptx 44 : 4786176 50575904 0 0 0 0 0 0 0 
bc.1.sm_75.ptx 211 : 369079 1360229 0 0 0 0 0 0 35527 
bc.1.sm_75.ptx 676 : 299136 2012352 0 0 0 0 0 0 0 
bc.1.sm_75.ptx 175 : 369079 3352731 0 0 0 0 0 0 0 
bc.1.sm_75.ptx 597 : 299136 483 0 0 0 0 0 0 1 
bc.1.sm_75.ptx 34 : 4786176 60349472 0 0 0 0 0 0 0 
bc.1.sm_75.ptx 201 : 369079 1580507 0 0 0 0 0 0 29031 
bc.1.sm_75.ptx 46 : 4786176 6055 0 0 0 0 0 0 16 
bc.1.sm_75.ptx 213 : 109560 1005750 0 0 0 0 0 0 0 
bc.1.sm_75.ptx 602 : 299067 3244073 0 0 0 0 0 0 0 
bc.1.sm_75.ptx 265 : 369079 1145155 0 0 0 0 0 0 35946 
bc.1.sm_75.ptx 679 : 299067 1939554 0 0 0 0 0 0 0 
bc.1.sm_75.ptx 178 : 369079 2258479 0 0 0 0 0 0 0 
bc.1.sm_75.ptx 263 : 369079 2250806 0 0 0 0 0 0 0 
bc.1.sm_75.ptx 600 : 299067 2197592 0 0 0 0 0 0 0 
bc.1.sm_75.ptx 43 : 4786176 32351008 0 0 0 0 0 0 0 
bc.1.sm_75.ptx 210 : 369079 2258720 0 0 0 0 0 0 0 
bc.1.sm_75.ptx 599 : 299067 2142840 0 0 0 0 0 0 0 
bc.1.sm_75.ptx 262 : 369079 3351604 0 0 0 0 0 0 0 
bc.1.sm_75.ptx 675 : 299136 2965056 0 0 0 0 0 0 0 
bc.1.sm_75.ptx 174 : 369079 86276254 2105728 0 0 355446 118511 0 0 
bc.1.sm_75.ptx 48 : 4785072 35356610 0 0 0 0 0 0 0 
bc.1.sm_75.ptx 215 : 109560 27828731 652544 0 0 107859 74785 0 0 
bc.1.sm_75.ptx 680 : 299067 2895891 0 0 0 0 0 0 0 
bc.1.sm_75.ptx 179 : 369079 1615793 0 0 0 0 0 0 26343 
bc.1.sm_75.ptx 35 : 4786176 65757568 0 0 0 0 0 0 0 
bc.1.sm_75.ptx 36 : 4786176 73656224 0 0 0 0 0 0 0 
bc.1.sm_75.ptx 203 : 66960 359295 0 0 0 0 0 0 0 
bc.1.sm_75.ptx 589 : 299136 4394208 0 0 0 0 0 0 0 
bc.1.sm_75.ptx 37 : 4786176 75471456 0 0 0 0 0 0 0 
bc.1.sm_75.ptx 204 : 66960 292237 0 0 0 52427 52427 0 0 
bc.1.sm_75.ptx 590 : 299136 4666816 0 0 0 0 0 0 0 
bc.1.sm_75.ptx 38 : 4786176 73923840 0 0 0 0 0 0 0 
bc.1.sm_75.ptx 205 : 66960 608165 0 0 0 0 0 0 0 
bc.1.sm_75.ptx 670 : 299136 1917696 0 0 0 0 0 0 0 
bc.1.sm_75.ptx 169 : 155058 969528 0 0 0 0 0 0 0 
bc.1.sm_75.ptx 254 : 369079 2257753 0 0 0 0 0 0 0 
bc.1.sm_75.ptx 591 : 299136 2960128 0 0 0 0 0 0 0 
bc.1.sm_75.ptx 39 : 4786176 73545984 0 0 0 0 0 0 0 
bc.1.sm_75.ptx 206 : 66960 305114 0 0 0 65877 52427 0 0 
bc.1.sm_75.ptx 671 : 299136 2592576 0 0 0 0 0 0 0 
bc.1.sm_75.ptx 170 : 155058 1418378 0 0 0 0 0 0 0 
bc.1.sm_75.ptx 255 : 369079 1261468 0 0 0 0 0 0 39273 
bc.1.sm_75.ptx 592 : 299136 2332384 0 0 0 0 0 0 0 
bc.1.sm_75.ptx 40 : 4786176 45414752 0 0 0 0 0 0 0 
bc.1.sm_75.ptx 207 : 66960 409068 0 0 0 0 0 0 0 
bc.1.sm_75.ptx 672 : 299136 1786176 0 0 0 0 0 0 0 
bc.1.sm_75.ptx 171 : 155058 1407999 0 0 0 0 0 0 0 
bc.1.sm_75.ptx 593 : 299136 2156704 0 0 0 0 0 0 0 
bc.1.sm_75.ptx 596 : 299136 2349472 0 0 0 0 0 0 0 
bc.1.sm_75.ptx 259 : 128371 33492694 847584 0 0 127010 82462 0 0 
bc.1.sm_75.ptx 41 : 4786176 33609504 0 0 0 0 0 0 0 
bc.1.sm_75.ptx 673 : 299136 1839936 0 0 0 0 0 0 0 
bc.1.sm_75.ptx 257 : 128371 1179126 0 0 0 0 0 0 0 
bc.1.sm_75.ptx 594 : 299136 2140320 0 0 0 0 0 0 0 
bc.1.sm_75.ptx 42 : 4786176 32097920 0 0 0 0 0 0 0 
bc.1.sm_75.ptx 674 : 299136 1827648 0 0 0 0 0 0 0 
bc.1.sm_75.ptx 258 : 128371 8008343 114880 0 0 110581 82462 0 0 
bc.1.sm_75.ptx 595 : 299136 3346144 0 0 0 0 0 0 0 
bc.1.sm_75.ptx 51 : 4785072 1435773808 1881632 0 0 598144 149536 0 0 
bc.1.sm_75.ptx 218 : 369079 59242394 951712 0 0 355333 118511 0 0 
bc.1.sm_75.ptx 683 : 299067 1679495 0 0 0 37384 9346 0 0 
bc.1.sm_75.ptx 182 : 60394 262546 0 0 0 48222 48222 0 0 
bc.1.sm_75.ptx 604 : 299067 2424903 0 0 0 37384 9346 0 0 
bc.1.sm_75.ptx 68 : 299067 1881238 0 0 0 0 0 0 0 
bc.1.sm_75.ptx 235 : 118070 1076126 0 0 0 0 0 0 0 
bc.1.sm_75.ptx 69 : 299067 2752687 0 0 0 0 0 0 0 
bc.1.sm_75.ptx 236 : 118070 7638681 125344 0 0 103194 78526 0 0 
bc.1.sm_75.ptx 70 : 299067 2778859 0 0 0 0 0 0 0 
bc.1.sm_75.ptx 237 : 118070 30430259 750080 0 0 116425 78526 0 0 
bc.1.sm_75.ptx 71 : 299067 3048827 0 0 0 0 0 0 0 
bc.1.sm_75.ptx 72 : 299067 1839279 0 0 0 0 0 0 0 
bc.1.sm_75.ptx 73 : 299067 1858357 0 0 0 0 0 0 0 
bc.1.sm_75.ptx 240 : 369079 58216424 931424 0 0 355388 118511 0 0 
bc.1.sm_75.ptx 74 : 299067 291371 0 0 0 0 0 0 20838 
bc.1.sm_75.ptx 241 : 369079 3352717 0 0 0 0 0 0 0 
bc.1.sm_75.ptx 166 : 299067 2136640 0 0 0 0 0 0 0 
bc.1.sm_75.ptx 167 : 299067 764383 0 0 0 0 0 0 22939 
bc.1.sm_75.ptx 177 : 369079 78201184 337344 0 0 277754 118511 0 0 
bc.1.sm_75.ptx 183 : 60394 548272 0 0 0 0 0 0 0 
bc.1.sm_75.ptx 184 : 60394 272841 0 0 0 59378 48222 0 0 
bc.1.sm_75.ptx 188 : 369079 2281455 0 0 0 0 0 0 0 
bc.1.sm_75.ptx 189 : 369079 1404950 0 0 0 0 0 0 33146 
bc.1.sm_75.ptx 191 : 100856 918943 0 0 0 0 0 0 0 
bc.1.sm_75.ptx 192 : 100856 7429856 150912 0 0 89689 70481 0 0 
bc.1.sm_75.ptx 193 : 100856 25366372 588736 0 0 99236 70481 0 0 
bc.1.sm_75.ptx 196 : 369079 59705532 961600 0 0 355423 118511 0 0 
bc.1.sm_75.ptx 197 : 369079 3350843 0 0 0 0 0 0 0 
bc.1.sm_75.ptx 198 : 369079 3344538 0 0 0 0 0 0 0 
bc.1.sm_75.ptx 214 : 109560 7538703 139168 0 0 96746 74785 0 0 
bc.1.sm_75.ptx 221 : 369079 81015845 483552 0 0 279590 118511 0 0 
bc.1.sm_75.ptx 228 : 73967 336920 0 0 0 72849 56577 0 0 
bc.1.sm_75.ptx 242 : 369079 3343372 0 0 0 0 0 0 0 
bc.1.sm_75.ptx 243 : 369079 83766652 582784 0 0 284139 118511 0 0 
bc.1.sm_75.ptx 76 : 244492 1537871 0 0 0 0 0 0 0 
bc.1.sm_75.ptx 244 : 369079 2258108 0 0 0 0 0 0 0 
bc.1.sm_75.ptx 77 : 244492 445516 0 0 0 0 0 0 25709 
bc.1.sm_75.ptx 245 : 369079 1496900 0 0 0 0 0 0 34640 
bc.1.sm_75.ptx 247 : 83044 445975 0 0 0 0 0 0 0 
bc.1.sm_75.ptx 80 : 161366 470378 0 0 0 0 0 0 20647 
bc.1.sm_75.ptx 248 : 83044 361767 0 0 0 61273 61273 0 0 
bc.1.sm_75.ptx 586 : 299136 3072288 0 0 0 0 0 0 0 
bc.1.sm_75.ptx 249 : 83044 754225 0 0 0 0 0 0 0 
bc.1.sm_75.ptx 587 : 299136 3726208 0 0 0 0 0 0 0 
bc.1.sm_75.ptx 250 : 83044 382631 0 0 0 81809 61273 0 0 
bc.1.sm_75.ptx 588 : 299136 4221312 0 0 0 0 0 0 0 
bc.1.sm_75.ptx 251 : 83044 506801 0 0 0 0 0 0 0 
bc.1.sm_75.ptx 601 : 299067 3172718 0 0 0 0 0 0 0 
bc.1.sm_75.ptx 264 : 369079 3359945 0 0 0 0 0 0 0 
bc.1.sm_75.ptx 79 : 161366 1012274 0 0 0 0 0 0 0 
