kernel line : count latency dram_traffic smem_bk_conflicts smem_warp gmem_access_generated gmem_warp exposed_latency warp_divergence
sssp.1.sm_75.ptx 165 : 299072 1619040 0 0 0 0 0 0 0 
sssp.1.sm_75.ptx 162 : 299067 1718476 0 0 0 37384 9346 0 0 
sssp.1.sm_75.ptx 161 : 299067 2757267 0 0 0 0 0 0 0 
sssp.1.sm_75.ptx 160 : 299067 1894365 0 0 0 0 0 0 0 
sssp.1.sm_75.ptx 154 : 155058 888779 0 0 0 0 0 0 0 
sssp.1.sm_75.ptx 153 : 369079 1205397 0 0 0 0 0 0 28577 
sssp.1.sm_75.ptx 152 : 369079 2394051 0 0 0 0 0 0 0 
sssp.1.sm_75.ptx 151 : 369079 4166606 0 0 0 0 0 0 0 
sssp.1.sm_75.ptx 150 : 369079 3795523 0 0 0 0 0 0 0 
sssp.1.sm_75.ptx 149 : 369079 3468673 0 0 0 0 0 0 0 
sssp.1.sm_75.ptx 148 : 369079 3645890 0 0 0 0 0 0 0 
sssp.1.sm_75.ptx 147 : 369079 199128869 1243104 0 0 348054 58245 0 0 
sssp.1.sm_75.ptx 146 : 369079 208403272 914688 0 0 269809 58245 0 0 
sssp.1.sm_75.ptx 145 : 369079 3471592 0 0 0 0 0 0 0 
sssp.1.sm_75.ptx 144 : 369079 4027011 0 0 0 0 0 0 0 
sssp.1.sm_75.ptx 143 : 369079 199612607 1250048 0 0 348054 58245 0 0 
sssp.1.sm_75.ptx 142 : 369079 3667306 0 0 0 0 0 0 0 
sssp.1.sm_75.ptx 141 : 369079 4276885 0 0 0 0 0 0 0 
sssp.1.sm_75.ptx 140 : 369079 196562703 1239424 0 0 348002 58245 0 0 
sssp.1.sm_75.ptx 139 : 369079 197229972 785184 0 0 263745 58245 0 0 
sssp.1.sm_75.ptx 138 : 369079 3536659 0 0 0 0 0 0 0 
sssp.1.sm_75.ptx 137 : 369079 4302237 0 0 0 0 0 0 0 
sssp.1.sm_75.ptx 136 : 369079 192515752 1212352 0 0 348002 58245 0 0 
sssp.1.sm_75.ptx 135 : 369079 3671640 0 0 0 0 0 0 0 
sssp.1.sm_75.ptx 134 : 369079 4185142 0 0 0 0 0 0 0 
sssp.1.sm_75.ptx 133 : 369079 192141185 1192192 0 0 348049 58245 0 0 
sssp.1.sm_75.ptx 132 : 369079 183174315 667456 0 0 261420 58245 0 0 
sssp.1.sm_75.ptx 131 : 369079 3503723 0 0 0 0 0 0 0 
sssp.1.sm_75.ptx 130 : 369079 3918813 0 0 0 0 0 0 0 
sssp.1.sm_75.ptx 129 : 369079 197215214 1211936 0 0 348049 58245 0 0 
sssp.1.sm_75.ptx 128 : 369079 3596792 0 0 0 0 0 0 0 
sssp.1.sm_75.ptx 127 : 369079 3982410 0 0 0 0 0 0 0 
sssp.1.sm_75.ptx 126 : 369079 228433505 2017696 0 0 348048 58245 0 0 
sssp.1.sm_75.ptx 125 : 369079 189193099 577600 0 0 262353 58245 0 0 
sssp.1.sm_75.ptx 124 : 369079 3460565 0 0 0 0 0 0 0 
sssp.1.sm_75.ptx 123 : 369079 4083338 0 0 0 0 0 0 0 
sssp.1.sm_75.ptx 122 : 369079 236864088 2017312 0 0 348048 58245 0 0 
sssp.1.sm_75.ptx 121 : 369079 3781862 0 0 0 0 0 0 0 
sssp.1.sm_75.ptx 120 : 369079 3502536 0 0 0 0 0 0 0 
sssp.1.sm_75.ptx 117 : 155058 1174767 0 0 0 0 0 0 0 
sssp.1.sm_75.ptx 116 : 155058 1372976 0 0 0 0 0 0 0 
sssp.1.sm_75.ptx 115 : 155058 1146127 0 0 0 0 0 0 0 
sssp.1.sm_75.ptx 114 : 155058 1465099 0 0 0 0 0 0 0 
sssp.1.sm_75.ptx 112 : 299067 823263 0 0 0 0 0 0 9106 
sssp.1.sm_75.ptx 111 : 299067 1905848 0 0 0 0 0 0 0 
sssp.1.sm_75.ptx 108 : 244492 1607289 0 0 0 0 0 0 0 
sssp.1.sm_75.ptx 107 : 244492 2485769 0 0 0 0 0 0 0 
sssp.1.sm_75.ptx 106 : 244492 2278023 0 0 0 0 0 0 0 
sssp.1.sm_75.ptx 105 : 244492 2501188 0 0 0 0 0 0 0 
sssp.1.sm_75.ptx 104 : 244492 143319478 1121792 0 0 139160 9346 0 0 
sssp.1.sm_75.ptx 103 : 244492 112134153 85024 0 0 143844 9346 0 0 
sssp.1.sm_75.ptx 102 : 244492 2284974 0 0 0 0 0 0 0 
sssp.1.sm_75.ptx 101 : 244492 2493765 0 0 0 0 0 0 0 
sssp.1.sm_75.ptx 100 : 244492 146440579 1087808 0 0 139160 9346 0 0 
sssp.1.sm_75.ptx 99 : 244492 2286377 0 0 0 0 0 0 0 
sssp.1.sm_75.ptx 98 : 244492 1755024 0 0 0 0 0 0 0 
sssp.1.sm_75.ptx 97 : 244492 2274463 0 0 0 0 0 0 0 
sssp.1.sm_75.ptx 96 : 244492 2254126 0 0 0 0 0 0 0 
sssp.1.sm_75.ptx 95 : 244492 1973839 0 0 0 0 0 0 0 
sssp.1.sm_75.ptx 92 : 161366 1650727 0 0 0 0 0 0 0 
sssp.1.sm_75.ptx 91 : 161366 1492931 0 0 0 0 0 0 0 
sssp.1.sm_75.ptx 90 : 161366 1547392 0 0 0 0 0 0 0 
sssp.1.sm_75.ptx 77 : 73178 748180 0 0 0 0 0 0 0 
sssp.1.sm_75.ptx 76 : 73178 671215 0 0 0 0 0 0 0 
sssp.1.sm_75.ptx 89 : 161366 112189913 1614304 0 0 108980 9343 0 0 
sssp.1.sm_75.ptx 88 : 161366 75872596 36960 0 0 101367 9343 0 0 
sssp.1.sm_75.ptx 87 : 161366 1508875 0 0 0 0 0 0 0 
sssp.1.sm_75.ptx 86 : 161366 1675340 0 0 0 0 0 0 0 
sssp.1.sm_75.ptx 85 : 161366 118699571 1613152 0 0 108980 9343 0 0 
sssp.1.sm_75.ptx 84 : 161366 1501775 0 0 0 0 0 0 0 
sssp.1.sm_75.ptx 83 : 161366 1156557 0 0 0 0 0 0 0 
sssp.1.sm_75.ptx 82 : 161366 1483435 0 0 0 0 0 0 0 
sssp.1.sm_75.ptx 81 : 161366 1479732 0 0 0 0 0 0 0 
sssp.1.sm_75.ptx 80 : 161366 1292766 0 0 0 0 0 0 0 
sssp.1.sm_75.ptx 68 : 73178 530687 0 0 0 0 0 0 0 
sssp.1.sm_75.ptx 53 : 299067 2761678 0 0 0 0 0 0 0 
sssp.1.sm_75.ptx 375 : 299066 4387272 0 0 0 37384 9346 0 0 
sssp.1.sm_75.ptx 51 : 299067 0 0 0 0 0 0 0 0 
sssp.1.sm_75.ptx 57 : 299067 298911 0 0 0 0 0 0 8973 
sssp.1.sm_75.ptx 50 : 299067 1858914 0 0 0 0 0 0 0 
sssp.1.sm_75.ptx 56 : 299067 1894082 0 0 0 0 0 0 0 
sssp.1.sm_75.ptx 49 : 299067 131220515 288928 0 0 37384 9346 0 0 
sssp.1.sm_75.ptx 48 : 299067 134822371 907392 0 0 46729 9346 0 0 
sssp.1.sm_75.ptx 398 : 299072 1959712 0 0 0 0 0 0 0 
sssp.1.sm_75.ptx 361 : 299066 1897301 0 0 0 0 0 0 0 
sssp.1.sm_75.ptx 45 : 299067 2875283 0 0 0 0 0 0 0 
sssp.1.sm_75.ptx 349 : 299072 2073856 0 0 0 0 0 0 0 
sssp.1.sm_75.ptx 367 : 1 22 0 0 0 0 0 0 0 
sssp.1.sm_75.ptx 33 : 299072 2946464 0 0 0 0 0 0 0 
sssp.1.sm_75.ptx 348 : 299072 2542240 0 0 0 0 0 0 0 
sssp.1.sm_75.ptx 366 : 1 9 0 0 0 0 0 0 0 
sssp.1.sm_75.ptx 32 : 299072 2966656 0 0 0 0 0 0 0 
sssp.1.sm_75.ptx 347 : 299072 2897504 0 0 0 0 0 0 0 
sssp.1.sm_75.ptx 365 : 1 4 0 0 0 1 1 0 0 
sssp.1.sm_75.ptx 31 : 299072 2712000 0 0 0 0 0 0 0 
sssp.1.sm_75.ptx 346 : 299072 2819872 0 0 0 0 0 0 0 
sssp.1.sm_75.ptx 364 : 1 7 0 0 0 0 0 0 0 
sssp.1.sm_75.ptx 30 : 299072 2454080 0 0 0 0 0 0 0 
sssp.1.sm_75.ptx 344 : 299072 2219840 0 0 0 0 0 0 0 
sssp.1.sm_75.ptx 345 : 299072 2591040 0 0 0 0 0 0 0 
sssp.1.sm_75.ptx 29 : 299072 1961920 0 0 0 0 0 0 0 
sssp.1.sm_75.ptx 350 : 299072 2048832 0 0 0 0 0 0 0 
sssp.1.sm_75.ptx 368 : 1 6 0 0 0 1 1 0 0 
sssp.1.sm_75.ptx 34 : 299072 3088992 0 0 0 0 0 0 0 
sssp.1.sm_75.ptx 351 : 299072 2060032 0 0 0 0 0 0 0 
sssp.1.sm_75.ptx 369 : 1 10 0 0 0 0 0 0 0 
sssp.1.sm_75.ptx 35 : 299072 2534816 0 0 0 0 0 0 0 
sssp.1.sm_75.ptx 352 : 299072 3175392 0 0 0 0 0 0 0 
sssp.1.sm_75.ptx 36 : 299072 1849440 0 0 0 0 0 0 0 
sssp.1.sm_75.ptx 353 : 299072 2276416 0 0 0 0 0 0 0 
sssp.1.sm_75.ptx 37 : 299072 1850720 0 0 0 0 0 0 0 
sssp.1.sm_75.ptx 354 : 299072 25 0 0 0 0 0 0 1 
sssp.1.sm_75.ptx 372 : 299066 1856349 0 0 0 0 0 0 0 
sssp.1.sm_75.ptx 38 : 299072 2889568 0 0 0 0 0 0 0 
sssp.1.sm_75.ptx 59 : 244492 1563155 0 0 0 0 0 0 0 
sssp.1.sm_75.ptx 393 : 299072 1588000 0 0 0 0 0 0 0 
sssp.1.sm_75.ptx 356 : 299067 2100130 0 0 0 0 0 0 0 
sssp.1.sm_75.ptx 374 : 299066 3112330 0 0 0 0 0 0 0 
sssp.1.sm_75.ptx 40 : 299072 30 0 0 0 0 0 0 1 
sssp.1.sm_75.ptx 357 : 299067 3062195 0 0 0 0 0 0 0 
sssp.1.sm_75.ptx 395 : 299072 2098688 0 0 0 0 0 0 0 
sssp.1.sm_75.ptx 358 : 299067 3106099 0 0 0 0 0 0 0 
sssp.1.sm_75.ptx 42 : 299067 1953341 0 0 0 0 0 0 0 
sssp.1.sm_75.ptx 62 : 161366 1033629 0 0 0 0 0 0 0 
sssp.1.sm_75.ptx 396 : 299072 1649088 0 0 0 0 0 0 0 
sssp.1.sm_75.ptx 359 : 299067 2376733 0 0 0 0 0 0 0 
sssp.1.sm_75.ptx 43 : 299067 2004851 0 0 0 0 0 0 0 
sssp.1.sm_75.ptx 360 : 299067 11 0 0 0 0 0 0 1 
sssp.1.sm_75.ptx 378 : 299072 2399712 0 0 0 0 0 0 0 
sssp.1.sm_75.ptx 44 : 299067 2907699 0 0 0 0 0 0 0 
sssp.1.sm_75.ptx 67 : 73178 672647 0 0 0 0 0 0 0 
sssp.1.sm_75.ptx 401 : 299072 25 0 0 0 0 0 0 1 
sssp.1.sm_75.ptx 69 : 73178 682629 0 0 0 0 0 0 0 
sssp.1.sm_75.ptx 403 : 299067 1968226 0 0 0 0 0 0 0 
sssp.1.sm_75.ptx 70 : 73178 36080455 1921440 0 0 60522 9275 0 0 
sssp.1.sm_75.ptx 404 : 299067 2878963 0 0 0 0 0 0 0 
sssp.1.sm_75.ptx 71 : 73178 676681 0 0 0 0 0 0 0 
sssp.1.sm_75.ptx 405 : 299067 2842707 0 0 0 0 0 0 0 
sssp.1.sm_75.ptx 72 : 73178 671053 0 0 0 0 0 0 0 
sssp.1.sm_75.ptx 406 : 299067 80443433 32 0 0 37384 9346 0 0 
sssp.1.sm_75.ptx 73 : 73178 32068997 19296 0 0 48358 9275 0 0 
sssp.1.sm_75.ptx 407 : 299067 1923618 0 0 0 0 0 0 0 
sssp.1.sm_75.ptx 74 : 73178 53191123 1921440 0 0 60522 9275 0 0 
sssp.1.sm_75.ptx 408 : 299067 2846067 0 0 0 0 0 0 0 
sssp.1.sm_75.ptx 75 : 73178 674936 0 0 0 0 0 0 0 
sssp.1.sm_75.ptx 409 : 299067 1250476 0 0 0 37384 9346 0 0 
sssp.1.sm_75.ptx 412 : 299072 1562688 0 0 0 0 0 0 0 
sssp.1.sm_75.ptx 373 : 299066 1969672 0 0 0 37384 9346 0 0 
sssp.1.sm_75.ptx 39 : 299072 1951936 0 0 0 0 0 0 0 
sssp.1.sm_75.ptx 46 : 299067 3259886 0 0 0 0 0 0 0 
sssp.1.sm_75.ptx 47 : 299067 97721740 110336 0 0 37384 9346 0 0 
sssp.1.sm_75.ptx 54 : 299067 1869282 0 0 0 0 0 0 0 
sssp.1.sm_75.ptx 55 : 299067 1879458 0 0 0 0 0 0 0 
sssp.1.sm_75.ptx 394 : 299072 1896544 0 0 0 0 0 0 0 
sssp.1.sm_75.ptx 60 : 244492 455981 0 0 0 0 0 0 9339 
sssp.1.sm_75.ptx 397 : 299072 1892320 0 0 0 0 0 0 0 
sssp.1.sm_75.ptx 63 : 161366 482437 0 0 0 0 0 0 9270 
sssp.1.sm_75.ptx 399 : 299072 2865184 0 0 0 0 0 0 0 
sssp.1.sm_75.ptx 65 : 73178 473963 0 0 0 0 0 0 0 
sssp.1.sm_75.ptx 400 : 299072 1933088 0 0 0 0 0 0 0 
sssp.1.sm_75.ptx 66 : 73178 681141 0 0 0 0 0 0 0 
