kernel line : count latency dram_traffic smem_bk_conflicts smem_warp gmem_access_generated gmem_warp exposed_latency warp_divergence
mis.1.sm_75.ptx 476 : 1002828 4499181 0 0 0 221534 56076 0 0 
mis.1.sm_75.ptx 466 : 1794402 11639768 0 0 0 0 0 0 0 
mis.1.sm_75.ptx 462 : 1794816 17158560 0 0 0 0 0 0 0 
mis.1.sm_75.ptx 458 : 1794816 18560608 0 0 0 0 0 0 0 
mis.1.sm_75.ptx 428 : 47772 297175 0 0 0 0 0 0 0 
mis.1.sm_75.ptx 410 : 33717 164188 0 0 0 32771 20248 0 0 
mis.1.sm_75.ptx 409 : 33717 313869 0 0 0 0 0 0 0 
mis.1.sm_75.ptx 407 : 47772 75609 0 0 0 0 0 0 1723 
mis.1.sm_75.ptx 406 : 47772 297685 0 0 0 0 0 0 0 
mis.1.sm_75.ptx 405 : 47772 9582228 150048 0 0 46375 28206 0 0 
mis.1.sm_75.ptx 404 : 47772 442402 0 0 0 0 0 0 0 
mis.1.sm_75.ptx 403 : 47772 437980 0 0 0 0 0 0 0 
mis.1.sm_75.ptx 402 : 47772 5168343 151968 0 0 47318 28206 0 0 
mis.1.sm_75.ptx 399 : 32297 157745 0 0 0 31467 19091 0 0 
mis.1.sm_75.ptx 398 : 32297 300734 0 0 0 0 0 0 0 
mis.1.sm_75.ptx 396 : 47772 82864 0 0 0 0 0 0 1189 
mis.1.sm_75.ptx 395 : 47772 297703 0 0 0 0 0 0 0 
mis.1.sm_75.ptx 375 : 111392 223147 0 0 0 0 0 0 4798 
mis.1.sm_75.ptx 394 : 47772 10141575 129888 0 0 46458 28206 0 0 
mis.1.sm_75.ptx 393 : 47772 442928 0 0 0 0 0 0 0 
mis.1.sm_75.ptx 392 : 47772 438892 0 0 0 0 0 0 0 
mis.1.sm_75.ptx 349 : 25804 236428 0 0 0 0 0 0 0 
mis.1.sm_75.ptx 346 : 14654 70563 0 0 0 14051 7842 0 0 
mis.1.sm_75.ptx 345 : 14654 135308 0 0 0 0 0 0 0 
mis.1.sm_75.ptx 343 : 25804 59907 0 0 0 0 0 0 284 
mis.1.sm_75.ptx 362 : 38576 217118 0 0 0 35523 11300 0 0 
mis.1.sm_75.ptx 342 : 25804 161048 0 0 0 0 0 0 0 
mis.1.sm_75.ptx 361 : 38576 355364 0 0 0 0 0 0 0 
mis.1.sm_75.ptx 359 : 66231 148365 0 0 0 0 0 0 1880 
mis.1.sm_75.ptx 358 : 66231 413179 0 0 0 0 0 0 0 
mis.1.sm_75.ptx 341 : 25804 6411721 55680 0 0 24641 14510 0 0 
mis.1.sm_75.ptx 340 : 25804 236600 0 0 0 0 0 0 0 
mis.1.sm_75.ptx 357 : 66231 17874009 143648 0 0 60699 19926 0 0 
mis.1.sm_75.ptx 339 : 25804 237262 0 0 0 0 0 0 0 
mis.1.sm_75.ptx 356 : 66231 605783 0 0 0 0 0 0 0 
mis.1.sm_75.ptx 355 : 66231 607869 0 0 0 0 0 0 0 
mis.1.sm_75.ptx 391 : 47772 10694513 482112 0 0 47305 28206 0 0 
mis.1.sm_75.ptx 388 : 33784 311833 0 0 0 0 0 0 0 
mis.1.sm_75.ptx 354 : 66231 24715160 1165824 0 0 59403 19926 0 0 
mis.1.sm_75.ptx 338 : 25804 10209543 796704 0 0 25085 14510 0 0 
mis.1.sm_75.ptx 353 : 66231 612557 0 0 0 0 0 0 0 
mis.1.sm_75.ptx 337 : 25804 239025 0 0 0 0 0 0 0 
mis.1.sm_75.ptx 352 : 66231 606444 0 0 0 0 0 0 0 
mis.1.sm_75.ptx 336 : 25804 238491 0 0 0 0 0 0 0 
mis.1.sm_75.ptx 334 : 66231 216219 0 0 0 0 0 0 11623 
mis.1.sm_75.ptx 333 : 66231 417837 0 0 0 0 0 0 0 
mis.1.sm_75.ptx 331 : 111392 241113 0 0 0 0 0 0 14949 
mis.1.sm_75.ptx 330 : 111392 702268 0 0 0 0 0 0 0 
mis.1.sm_75.ptx 328 : 126351 79968 0 0 0 0 0 0 9959 
mis.1.sm_75.ptx 327 : 126351 787323 0 0 0 0 0 0 0 
mis.1.sm_75.ptx 326 : 126351 785368 0 0 0 0 0 0 0 
mis.1.sm_75.ptx 325 : 126351 1164561 0 0 0 0 0 0 0 
mis.1.sm_75.ptx 323 : 126351 0 0 0 0 0 0 0 0 
mis.1.sm_75.ptx 322 : 126351 785970 0 0 0 0 0 0 0 
mis.1.sm_75.ptx 321 : 126351 564794 0 0 0 63987 21847 0 0 
mis.1.sm_75.ptx 320 : 126351 688344 0 0 0 0 0 0 0 
mis.1.sm_75.ptx 317 : 126350 51624510 132224 0 0 67007 21847 0 0 
mis.1.sm_75.ptx 315 : 126351 5 0 0 0 0 0 0 1 
mis.1.sm_75.ptx 314 : 126351 787329 0 0 0 0 0 0 0 
mis.1.sm_75.ptx 313 : 126351 1161232 0 0 0 0 0 0 0 
mis.1.sm_75.ptx 312 : 126351 53157728 1987040 0 0 63987 21847 0 0 
mis.1.sm_75.ptx 311 : 126351 1161783 0 0 0 0 0 0 0 
mis.1.sm_75.ptx 310 : 126351 555843 0 0 0 63987 21847 0 0 
mis.1.sm_75.ptx 309 : 126351 727225 0 0 0 0 0 0 0 
mis.1.sm_75.ptx 308 : 126351 1270469 0 0 0 0 0 0 0 
mis.1.sm_75.ptx 307 : 126351 808587 0 0 0 0 0 0 0 
mis.1.sm_75.ptx 306 : 126351 802590 0 0 0 0 0 0 0 
mis.1.sm_75.ptx 304 : 697527 3247781 0 0 0 0 0 0 12508 
mis.1.sm_75.ptx 303 : 697527 4640854 0 0 0 0 0 0 0 
mis.1.sm_75.ptx 302 : 697527 274812128 2872064 0 0 214707 56012 0 0 
mis.1.sm_75.ptx 301 : 697527 6580232 0 0 0 0 0 0 0 
mis.1.sm_75.ptx 299 : 1794402 6108864 0 0 0 0 0 0 56012 
mis.1.sm_75.ptx 298 : 1794402 11893287 0 0 0 0 0 0 0 
mis.1.sm_75.ptx 297 : 1794402 1003069832 6936416 0 0 224304 56076 0 0 
mis.1.sm_75.ptx 296 : 1794402 953289599 7177088 0 0 224304 56076 0 0 
mis.1.sm_75.ptx 295 : 1794402 17926834 0 0 0 0 0 0 0 
mis.1.sm_75.ptx 294 : 1794402 13879822 0 0 0 0 0 0 0 
mis.1.sm_75.ptx 293 : 1794402 17859698 0 0 0 0 0 0 0 
mis.1.sm_75.ptx 292 : 1794402 17719619 0 0 0 0 0 0 0 
mis.1.sm_75.ptx 291 : 1794402 12472317 0 0 0 0 0 0 0 
mis.1.sm_75.ptx 289 : 1794816 2181 0 0 0 0 0 0 6 
mis.1.sm_75.ptx 288 : 1794816 13350272 0 0 0 0 0 0 0 
mis.1.sm_75.ptx 287 : 1794816 17984672 0 0 0 0 0 0 0 
mis.1.sm_75.ptx 286 : 1794816 11976736 0 0 0 0 0 0 0 
mis.1.sm_75.ptx 285 : 1794816 11910176 0 0 0 0 0 0 0 
mis.1.sm_75.ptx 284 : 1794816 11972992 0 0 0 0 0 0 0 
mis.1.sm_75.ptx 283 : 1794816 12329728 0 0 0 0 0 0 0 
mis.1.sm_75.ptx 282 : 1794816 12850848 0 0 0 0 0 0 0 
mis.1.sm_75.ptx 281 : 1794816 17079360 0 0 0 0 0 0 0 
mis.1.sm_75.ptx 280 : 1794816 27221568 0 0 0 0 0 0 0 
mis.1.sm_75.ptx 149 : 213260 1938701 0 0 0 0 0 0 0 
mis.1.sm_75.ptx 473 : 1002828 6251140 0 0 0 0 0 0 0 
mis.1.sm_75.ptx 136 : 95630 497664 0 0 0 0 0 0 0 
mis.1.sm_75.ptx 135 : 95630 30877557 46592 0 0 65260 18167 0 0 
mis.1.sm_75.ptx 471 : 1794402 4160522 0 0 0 0 0 0 56034 
mis.1.sm_75.ptx 134 : 95630 881026 0 0 0 0 0 0 0 
mis.1.sm_75.ptx 470 : 1794402 11037964 0 0 0 0 0 0 0 
mis.1.sm_75.ptx 133 : 95630 871356 0 0 0 0 0 0 0 
mis.1.sm_75.ptx 468 : 1794402 17038578 0 0 0 0 0 0 0 
mis.1.sm_75.ptx 131 : 95630 868542 0 0 0 0 0 0 0 
mis.1.sm_75.ptx 467 : 1794402 17158952 0 0 0 0 0 0 0 
mis.1.sm_75.ptx 130 : 95630 876381 0 0 0 0 0 0 0 
mis.1.sm_75.ptx 117 : 393162 2426098 0 0 0 0 0 0 0 
mis.1.sm_75.ptx 106 : 393162 10 0 0 0 0 0 0 2 
mis.1.sm_75.ptx 273 : 1794816 18054240 0 0 0 0 0 0 0 
mis.1.sm_75.ptx 105 : 393162 2413541 0 0 0 0 0 0 0 
mis.1.sm_75.ptx 272 : 1794816 11799776 0 0 0 0 0 0 0 
mis.1.sm_75.ptx 441 : 1794816 10276416 0 0 0 0 0 0 0 
mis.1.sm_75.ptx 104 : 393162 3583030 0 0 0 0 0 0 0 
mis.1.sm_75.ptx 103 : 393162 176932191 2188352 0 0 73139 22382 0 0 
mis.1.sm_75.ptx 102 : 393162 3612476 0 0 0 0 0 0 0 
mis.1.sm_75.ptx 438 : 47772 76361 0 0 0 0 0 0 5211 
mis.1.sm_75.ptx 101 : 393162 1824308 0 0 0 22382 22382 0 0 
mis.1.sm_75.ptx 437 : 47772 438392 0 0 0 0 0 0 0 
mis.1.sm_75.ptx 100 : 393162 2468976 0 0 0 0 0 0 0 
mis.1.sm_75.ptx 436 : 47772 295343 0 0 0 0 0 0 0 
mis.1.sm_75.ptx 99 : 393162 2497083 0 0 0 0 0 0 0 
mis.1.sm_75.ptx 435 : 47772 437135 0 0 0 0 0 0 0 
mis.1.sm_75.ptx 98 : 393162 2468439 0 0 0 0 0 0 0 
mis.1.sm_75.ptx 96 : 1794402 8701375 0 0 0 0 0 0 13036 
mis.1.sm_75.ptx 432 : 37494 177984 0 0 0 36347 22893 0 0 
mis.1.sm_75.ptx 95 : 1794402 12689004 0 0 0 0 0 0 0 
mis.1.sm_75.ptx 431 : 37494 348062 0 0 0 0 0 0 0 
mis.1.sm_75.ptx 94 : 1794402 617291220 2425824 0 0 224304 56076 0 0 
mis.1.sm_75.ptx 93 : 1794402 18167538 0 0 0 0 0 0 0 
mis.1.sm_75.ptx 429 : 47772 55019 0 0 0 0 0 0 2480 
mis.1.sm_75.ptx 92 : 1794402 18219885 0 0 0 0 0 0 0 
mis.1.sm_75.ptx 427 : 47772 9743842 241600 0 0 46218 28206 0 0 
mis.1.sm_75.ptx 90 : 1794816 2245 0 0 0 0 0 0 6 
mis.1.sm_75.ptx 426 : 47772 442245 0 0 0 0 0 0 0 
mis.1.sm_75.ptx 89 : 1794816 14515616 0 0 0 0 0 0 0 
mis.1.sm_75.ptx 425 : 47772 438521 0 0 0 0 0 0 0 
mis.1.sm_75.ptx 88 : 1794816 18800288 0 0 0 0 0 0 0 
mis.1.sm_75.ptx 424 : 47772 5173954 152320 0 0 47309 28206 0 0 
mis.1.sm_75.ptx 87 : 1794816 12129152 0 0 0 0 0 0 0 
mis.1.sm_75.ptx 460 : 1794816 10819840 0 0 0 0 0 0 0 
mis.1.sm_75.ptx 123 : 323766 2003438 0 0 0 0 0 0 0 
mis.1.sm_75.ptx 381 : 111392 1018510 0 0 0 0 0 0 0 
mis.1.sm_75.ptx 44 : 299067 2207778 0 0 0 0 0 0 0 
mis.1.sm_75.ptx 211 : 389865 3548901 0 0 0 0 0 0 0 
mis.1.sm_75.ptx 418 : 47772 66350 0 0 0 0 0 0 2198 
mis.1.sm_75.ptx 81 : 1794816 27510944 0 0 0 0 0 0 0 
mis.1.sm_75.ptx 248 : 393162 1805375 0 0 0 73139 22382 0 0 
mis.1.sm_75.ptx 459 : 1794816 11401664 0 0 0 0 0 0 0 
mis.1.sm_75.ptx 122 : 323766 2043483 0 0 0 0 0 0 0 
mis.1.sm_75.ptx 43 : 299067 2461927 0 0 0 37384 9346 0 0 
mis.1.sm_75.ptx 417 : 47772 298187 0 0 0 0 0 0 0 
mis.1.sm_75.ptx 80 : 1794816 27604672 0 0 0 0 0 0 0 
mis.1.sm_75.ptx 247 : 393162 3610864 0 0 0 0 0 0 0 
mis.1.sm_75.ptx 42 : 299067 2456221 0 0 0 0 0 0 0 
mis.1.sm_75.ptx 209 : 422052 170611 0 0 0 0 0 0 5839 
mis.1.sm_75.ptx 416 : 47772 9555569 189824 0 0 46238 28206 0 0 
mis.1.sm_75.ptx 79 : 1794816 28360640 0 0 0 0 0 0 0 
mis.1.sm_75.ptx 246 : 393162 2464783 0 0 0 0 0 0 0 
mis.1.sm_75.ptx 457 : 1794816 17099040 0 0 0 0 0 0 0 
mis.1.sm_75.ptx 120 : 393162 373999 0 0 0 0 0 0 15449 
mis.1.sm_75.ptx 378 : 69615 444184 0 0 0 59503 14458 0 0 
mis.1.sm_75.ptx 41 : 299067 3225587 0 0 0 0 0 0 0 
mis.1.sm_75.ptx 208 : 422052 2579298 0 0 0 0 0 0 0 
mis.1.sm_75.ptx 415 : 47772 441993 0 0 0 0 0 0 0 
mis.1.sm_75.ptx 78 : 1794816 27674240 0 0 0 0 0 0 0 
mis.1.sm_75.ptx 456 : 1794816 10704448 0 0 0 0 0 0 0 
mis.1.sm_75.ptx 119 : 393162 2455749 0 0 0 0 0 0 0 
mis.1.sm_75.ptx 377 : 69615 640464 0 0 0 0 0 0 0 
mis.1.sm_75.ptx 40 : 299067 3171091 0 0 0 0 0 0 0 
mis.1.sm_75.ptx 207 : 422052 134185793 676480 0 0 298857 76596 0 0 
mis.1.sm_75.ptx 414 : 47772 438360 0 0 0 0 0 0 0 
mis.1.sm_75.ptx 77 : 1794816 24247232 0 0 0 0 0 0 0 
mis.1.sm_75.ptx 118 : 393162 2472961 0 0 0 0 0 0 0 
mis.1.sm_75.ptx 39 : 299067 2162658 0 0 0 0 0 0 0 
mis.1.sm_75.ptx 206 : 422052 3823904 0 0 0 0 0 0 0 
mis.1.sm_75.ptx 413 : 47772 5247447 157344 0 0 47312 28206 0 0 
mis.1.sm_75.ptx 76 : 1794816 22173792 0 0 0 0 0 0 0 
mis.1.sm_75.ptx 243 : 422052 1216191 0 0 0 0 0 0 33748 
mis.1.sm_75.ptx 116 : 393162 2417562 0 0 0 0 0 0 0 
mis.1.sm_75.ptx 374 : 111392 692908 0 0 0 0 0 0 0 
mis.1.sm_75.ptx 37 : 299136 345 0 0 0 0 0 0 1 
mis.1.sm_75.ptx 204 : 422052 118444194 777632 0 0 397912 76596 0 0 
mis.1.sm_75.ptx 74 : 1794816 12594976 0 0 0 0 0 0 0 
mis.1.sm_75.ptx 241 : 422052 2572194 0 0 0 0 0 0 0 
mis.1.sm_75.ptx 115 : 393162 3596909 0 0 0 0 0 0 0 
mis.1.sm_75.ptx 373 : 111392 32436592 251040 0 0 95978 21271 0 0 
mis.1.sm_75.ptx 36 : 299136 2241760 0 0 0 0 0 0 0 
mis.1.sm_75.ptx 372 : 111392 1019596 0 0 0 0 0 0 0 
mis.1.sm_75.ptx 35 : 299136 3353600 0 0 0 0 0 0 0 
mis.1.sm_75.ptx 113 : 393162 0 0 0 0 0 0 0 0 
mis.1.sm_75.ptx 371 : 111392 1022757 0 0 0 0 0 0 0 
mis.1.sm_75.ptx 34 : 299136 2309504 0 0 0 0 0 0 0 
mis.1.sm_75.ptx 201 : 385060 3495708 0 0 0 0 0 0 0 
mis.1.sm_75.ptx 108 : 393160 174103472 199168 0 0 84972 22382 0 0 
mis.1.sm_75.ptx 275 : 1794816 23730848 0 0 0 0 0 0 0 
mis.1.sm_75.ptx 29 : 299136 3894048 0 0 0 0 0 0 0 
mis.1.sm_75.ptx 196 : 422052 2576725 0 0 0 0 0 0 0 
mis.1.sm_75.ptx 365 : 66231 605313 0 0 0 0 0 0 0 
mis.1.sm_75.ptx 28 : 299136 3187200 0 0 0 0 0 0 0 
mis.1.sm_75.ptx 195 : 422052 130511565 567488 0 0 300002 76596 0 0 
mis.1.sm_75.ptx 30 : 299136 4234496 0 0 0 0 0 0 0 
mis.1.sm_75.ptx 197 : 422052 195736 0 0 0 0 0 0 4844 
mis.1.sm_75.ptx 368 : 111392 1018386 0 0 0 0 0 0 0 
mis.1.sm_75.ptx 31 : 299136 4342176 0 0 0 0 0 0 0 
mis.1.sm_75.ptx 111 : 393162 2108500 0 0 0 0 0 0 0 
mis.1.sm_75.ptx 278 : 1794816 27363200 0 0 0 0 0 0 0 
mis.1.sm_75.ptx 369 : 111392 1027893 0 0 0 0 0 0 0 
mis.1.sm_75.ptx 32 : 299136 2543040 0 0 0 0 0 0 0 
mis.1.sm_75.ptx 199 : 385060 3506127 0 0 0 0 0 0 0 
mis.1.sm_75.ptx 112 : 393162 2417902 0 0 0 0 0 0 0 
mis.1.sm_75.ptx 279 : 1794816 28030272 0 0 0 0 0 0 0 
mis.1.sm_75.ptx 370 : 111392 38695975 1011456 0 0 86858 21271 0 0 
mis.1.sm_75.ptx 33 : 299136 2537664 0 0 0 0 0 0 0 
mis.1.sm_75.ptx 200 : 385060 123364168 627968 0 0 272720 66406 0 0 
mis.1.sm_75.ptx 461 : 1794816 10639648 0 0 0 0 0 0 0 
mis.1.sm_75.ptx 124 : 323766 590096 0 0 0 0 0 0 17725 
mis.1.sm_75.ptx 45 : 299067 3348211 0 0 0 0 0 0 0 
mis.1.sm_75.ptx 212 : 389865 129502564 750752 0 0 274794 68159 0 0 
mis.1.sm_75.ptx 82 : 1794816 18649888 0 0 0 0 0 0 0 
mis.1.sm_75.ptx 46 : 299067 7257703 0 0 0 37384 9346 0 0 
mis.1.sm_75.ptx 213 : 389865 3543355 0 0 0 0 0 0 0 
mis.1.sm_75.ptx 420 : 35427 329591 0 0 0 0 0 0 0 
mis.1.sm_75.ptx 83 : 1794816 13808416 0 0 0 0 0 0 0 
mis.1.sm_75.ptx 463 : 1794816 11542432 0 0 0 0 0 0 0 
mis.1.sm_75.ptx 126 : 213260 1343717 0 0 0 0 0 0 0 
mis.1.sm_75.ptx 384 : 126351 906240 0 0 0 0 0 0 0 
mis.1.sm_75.ptx 47 : 299067 3174530 0 0 0 0 0 0 0 
mis.1.sm_75.ptx 421 : 35427 172427 0 0 0 34321 21537 0 0 
mis.1.sm_75.ptx 84 : 1794816 12489376 0 0 0 0 0 0 0 
mis.1.sm_75.ptx 251 : 1794816 10619616 0 0 0 0 0 0 0 
mis.1.sm_75.ptx 464 : 1794816 2208 0 0 0 0 0 0 6 
mis.1.sm_75.ptx 127 : 213260 1323655 0 0 0 0 0 0 0 
mis.1.sm_75.ptx 385 : 126351 493236 0 0 0 0 0 0 14374 
mis.1.sm_75.ptx 48 : 299067 3577971 0 0 0 0 0 0 0 
mis.1.sm_75.ptx 85 : 1794816 12189632 0 0 0 0 0 0 0 
mis.1.sm_75.ptx 128 : 213260 628456 0 0 0 0 0 0 16415 
mis.1.sm_75.ptx 49 : 299067 2818397 0 0 0 0 0 0 0 
mis.1.sm_75.ptx 216 : 422052 116963359 783776 0 0 397797 76596 0 0 
mis.1.sm_75.ptx 86 : 1794816 12034880 0 0 0 0 0 0 0 
mis.1.sm_75.ptx 387 : 33784 310987 0 0 0 0 0 0 0 
mis.1.sm_75.ptx 50 : 299067 7080103 0 0 0 37384 9346 0 0 
mis.1.sm_75.ptx 217 : 422052 3835855 0 0 0 0 0 0 0 
mis.1.sm_75.ptx 469 : 1794402 781327005 7169920 0 0 224304 56076 0 0 
mis.1.sm_75.ptx 132 : 95630 55595526 2557344 0 0 80512 18167 0 0 
mis.1.sm_75.ptx 53 : 299136 2650144 0 0 0 0 0 0 0 
mis.1.sm_75.ptx 220 : 422052 2576944 0 0 0 0 0 0 0 
mis.1.sm_75.ptx 75 : 1794816 18810208 0 0 0 0 0 0 0 
mis.1.sm_75.ptx 242 : 422052 3845359 0 0 0 0 0 0 0 
mis.1.sm_75.ptx 150 : 213260 1937213 0 0 0 0 0 0 0 
mis.1.sm_75.ptx 151 : 213260 106456696 2360736 0 0 150904 20976 0 0 
mis.1.sm_75.ptx 474 : 1002828 9987574 0 0 0 0 0 0 0 
mis.1.sm_75.ptx 137 : 95630 585964 0 0 0 0 0 0 0 
mis.1.sm_75.ptx 475 : 1002828 5764133 0 0 0 0 0 0 0 
mis.1.sm_75.ptx 138 : 95630 103719 0 0 0 0 0 0 1327 
mis.1.sm_75.ptx 140 : 76006 699442 0 0 0 0 0 0 0 
mis.1.sm_75.ptx 141 : 76006 33137772 177248 0 0 50329 11044 0 0 
mis.1.sm_75.ptx 479 : 1794816 9482880 0 0 0 0 0 0 0 
mis.1.sm_75.ptx 142 : 76006 395682 0 0 0 0 0 0 0 
mis.1.sm_75.ptx 152 : 213260 1941805 0 0 0 0 0 0 0 
mis.1.sm_75.ptx 143 : 76006 693088 0 0 0 0 0 0 0 
mis.1.sm_75.ptx 146 : 95630 952009 0 0 0 0 0 0 0 
mis.1.sm_75.ptx 153 : 213260 1962975 0 0 0 0 0 0 0 
mis.1.sm_75.ptx 154 : 213260 65402108 101344 0 0 140232 20976 0 0 
mis.1.sm_75.ptx 155 : 213260 1307215 0 0 0 0 0 0 0 
mis.1.sm_75.ptx 156 : 213260 219933 0 0 0 0 0 0 4721 
mis.1.sm_75.ptx 158 : 171584 1580046 0 0 0 0 0 0 0 
mis.1.sm_75.ptx 159 : 171584 64658102 296928 0 0 108374 14432 0 0 
mis.1.sm_75.ptx 160 : 171584 1562368 0 0 0 0 0 0 0 
mis.1.sm_75.ptx 163 : 213260 2134593 0 0 0 0 0 0 0 
mis.1.sm_75.ptx 166 : 323766 2938044 0 0 0 0 0 0 0 
mis.1.sm_75.ptx 167 : 323766 2939448 0 0 0 0 0 0 0 
mis.1.sm_75.ptx 168 : 323766 139070356 1665024 0 0 197000 21890 0 0 
mis.1.sm_75.ptx 169 : 323766 2947028 0 0 0 0 0 0 0 
mis.1.sm_75.ptx 170 : 323766 2980679 0 0 0 0 0 0 0 
mis.1.sm_75.ptx 171 : 323766 106968974 200672 0 0 202991 21890 0 0 
mis.1.sm_75.ptx 172 : 323766 1986307 0 0 0 0 0 0 0 
mis.1.sm_75.ptx 173 : 323766 289829 0 0 0 0 0 0 7595 
mis.1.sm_75.ptx 175 : 269083 2479301 0 0 0 0 0 0 0 
mis.1.sm_75.ptx 176 : 269083 102777493 511392 0 0 160290 17381 0 0 
mis.1.sm_75.ptx 177 : 269083 2448061 0 0 0 0 0 0 0 
mis.1.sm_75.ptx 180 : 323766 3261860 0 0 0 0 0 0 0 
mis.1.sm_75.ptx 181 : 323766 2004210 0 0 0 0 0 0 0 
mis.1.sm_75.ptx 184 : 393162 2464726 0 0 0 0 0 0 0 
mis.1.sm_75.ptx 185 : 393162 1070402 0 0 0 0 0 0 17308 
mis.1.sm_75.ptx 187 : 190860 1741521 0 0 0 0 0 0 0 
mis.1.sm_75.ptx 188 : 190860 1731277 0 0 0 0 0 0 0 
mis.1.sm_75.ptx 189 : 190860 1361930 0 0 0 0 0 0 0 
mis.1.sm_75.ptx 192 : 422052 156919054 1921184 0 0 397903 76596 0 0 
mis.1.sm_75.ptx 193 : 422052 3831522 0 0 0 0 0 0 0 
mis.1.sm_75.ptx 194 : 422052 3823564 0 0 0 0 0 0 0 
mis.1.sm_75.ptx 205 : 422052 3827648 0 0 0 0 0 0 0 
mis.1.sm_75.ptx 218 : 422052 3827238 0 0 0 0 0 0 0 
mis.1.sm_75.ptx 219 : 422052 140166690 836992 0 0 301182 76596 0 0 
mis.1.sm_75.ptx 221 : 422052 145324 0 0 0 0 0 0 6538 
mis.1.sm_75.ptx 223 : 394660 3593886 0 0 0 0 0 0 0 
mis.1.sm_75.ptx 224 : 394660 136035675 933600 0 0 280516 69791 0 0 
mis.1.sm_75.ptx 225 : 394660 3583667 0 0 0 0 0 0 0 
mis.1.sm_75.ptx 228 : 422052 115596930 797568 0 0 397899 76596 0 0 
mis.1.sm_75.ptx 229 : 422052 3832484 0 0 0 0 0 0 0 
mis.1.sm_75.ptx 230 : 422052 3821423 0 0 0 0 0 0 0 
mis.1.sm_75.ptx 231 : 422052 142972299 1013856 0 0 307593 76596 0 0 
mis.1.sm_75.ptx 232 : 422052 2577168 0 0 0 0 0 0 0 
mis.1.sm_75.ptx 233 : 422052 119595 0 0 0 0 0 0 6557 
mis.1.sm_75.ptx 235 : 399482 3638521 0 0 0 0 0 0 0 
mis.1.sm_75.ptx 236 : 399482 138494632 1142208 0 0 290482 71299 0 0 
mis.1.sm_75.ptx 237 : 399482 3634016 0 0 0 0 0 0 0 
mis.1.sm_75.ptx 240 : 422052 4255521 0 0 0 0 0 0 0 
mis.1.sm_75.ptx 274 : 1794816 21626272 0 0 0 0 0 0 0 
mis.1.sm_75.ptx 276 : 1794816 27399392 0 0 0 0 0 0 0 
mis.1.sm_75.ptx 277 : 1794816 28251904 0 0 0 0 0 0 0 
