kernel line : count latency dram_traffic smem_bk_conflicts smem_warp gmem_access_generated gmem_warp exposed_latency warp_divergence
color_max.1.sm_52.ptx 313 : 2693376 14414528 0 0 0 0 0 0 0 
color_max.1.sm_52.ptx 310 : 209372 941933 0 0 0 130280 63227 0 0 
color_max.1.sm_52.ptx 308 : 1406815 6409575 0 0 0 0 0 0 63188 
color_max.1.sm_52.ptx 307 : 1406815 8936236 0 0 0 0 0 0 0 
color_max.1.sm_52.ptx 306 : 1406815 588193801 5603392 0 0 319441 83999 0 0 
color_max.1.sm_52.ptx 305 : 1406815 681796384 10221248 0 0 319441 83999 0 0 
color_max.1.sm_52.ptx 304 : 1406815 14660350 0 0 0 0 0 0 0 
color_max.1.sm_52.ptx 303 : 1406815 13450230 0 0 0 0 0 0 0 
color_max.1.sm_52.ptx 302 : 1406815 9101359 0 0 0 0 0 0 0 
color_max.1.sm_52.ptx 301 : 1406815 9118034 0 0 0 0 0 0 0 
color_max.1.sm_52.ptx 299 : 2691603 7045585 0 0 0 0 0 0 74617 
color_max.1.sm_52.ptx 298 : 2691603 17209522 0 0 0 0 0 0 0 
color_max.1.sm_52.ptx 297 : 2691603 1116401303 4788704 0 0 336456 84114 0 0 
color_max.1.sm_52.ptx 296 : 2691603 27052811 0 0 0 0 0 0 0 
color_max.1.sm_52.ptx 295 : 2691603 27668444 0 0 0 0 0 0 0 
color_max.1.sm_52.ptx 294 : 2691603 18735117 0 0 0 0 0 0 0 
color_max.1.sm_52.ptx 292 : 2693376 9796 0 0 0 0 0 0 9 
color_max.1.sm_52.ptx 291 : 2693376 19900832 0 0 0 0 0 0 0 
color_max.1.sm_52.ptx 290 : 2693376 28502752 0 0 0 0 0 0 0 
color_max.1.sm_52.ptx 289 : 2693376 16560544 0 0 0 0 0 0 0 
color_max.1.sm_52.ptx 288 : 2693376 18352320 0 0 0 0 0 0 0 
color_max.1.sm_52.ptx 287 : 2693376 25735424 0 0 0 0 0 0 0 
color_max.1.sm_52.ptx 286 : 2693376 42404448 0 0 0 0 0 0 0 
color_max.1.sm_52.ptx 285 : 2693376 41591232 0 0 0 0 0 0 0 
color_max.1.sm_52.ptx 284 : 2693376 42372320 0 0 0 0 0 0 0 
color_max.1.sm_52.ptx 283 : 2693376 33764736 0 0 0 0 0 0 0 
color_max.1.sm_52.ptx 282 : 2693376 21931232 0 0 0 0 0 0 0 
color_max.1.sm_52.ptx 264 : 2693376 14066560 0 0 0 0 0 0 0 
color_max.1.sm_52.ptx 261 : 1406815 6338452 0 0 0 319441 83999 0 0 
color_max.1.sm_52.ptx 260 : 1406815 12920053 0 0 0 0 0 0 0 
color_max.1.sm_52.ptx 259 : 1406815 8827008 0 0 0 0 0 0 0 
color_max.1.sm_52.ptx 256 : 2507740 8519978 0 0 0 0 0 0 226476 
color_max.1.sm_52.ptx 255 : 2507740 22915625 0 0 0 0 0 0 0 
color_max.1.sm_52.ptx 254 : 2507740 15452846 0 0 0 0 0 0 0 
color_max.1.sm_52.ptx 253 : 2507740 25349487 0 0 0 0 0 0 0 
color_max.1.sm_52.ptx 250 : 1839550 17277942 0 0 0 0 0 0 0 
color_max.1.sm_52.ptx 249 : 1839550 622132449 5465440 0 0 1389332 422883 0 0 
color_max.1.sm_52.ptx 248 : 1839550 16897308 0 0 0 0 0 0 0 
color_max.1.sm_52.ptx 247 : 1839550 17351469 0 0 0 0 0 0 0 
color_max.1.sm_52.ptx 246 : 1839550 218583561 19136 0 0 1784510 422883 0 0 
color_max.1.sm_52.ptx 245 : 1839550 17517998 0 0 0 422883 422883 0 0 
color_max.1.sm_52.ptx 244 : 1839550 10086961 0 0 0 0 0 0 0 
color_max.1.sm_52.ptx 241 : 1839550 10002200 0 0 0 0 0 0 0 
color_max.1.sm_52.ptx 240 : 2507740 3490858 0 0 0 0 0 0 219611 
color_max.1.sm_52.ptx 110 : 317842 1665278 0 0 0 0 0 0 0 
color_max.1.sm_52.ptx 109 : 317842 103324375 730208 0 0 235912 76354 0 0 
color_max.1.sm_52.ptx 108 : 317842 2938103 0 0 0 0 0 0 0 
color_max.1.sm_52.ptx 107 : 317842 2896450 0 0 0 0 0 0 0 
color_max.1.sm_52.ptx 106 : 317842 16006409 0 0 0 285442 76354 0 0 
color_max.1.sm_52.ptx 105 : 317842 1534817 0 0 0 76354 76354 0 0 
color_max.1.sm_52.ptx 104 : 317842 1773385 0 0 0 0 0 0 0 
color_max.1.sm_52.ptx 101 : 317842 1750365 0 0 0 0 0 0 0 
color_max.1.sm_52.ptx 100 : 382413 341399 0 0 0 0 0 0 33476 
color_max.1.sm_52.ptx 99 : 382413 2365884 0 0 0 0 0 0 0 
color_max.1.sm_52.ptx 98 : 382413 2365106 0 0 0 0 0 0 0 
color_max.1.sm_52.ptx 97 : 382413 2372431 0 0 0 0 0 0 0 
color_max.1.sm_52.ptx 96 : 382413 100987753 212416 0 0 285408 79978 0 0 
color_max.1.sm_52.ptx 95 : 382413 3485773 0 0 0 0 0 0 0 
color_max.1.sm_52.ptx 94 : 382413 3496735 0 0 0 0 0 0 0 
color_max.1.sm_52.ptx 93 : 382413 171119399 10934272 0 0 343154 79978 0 0 
color_max.1.sm_52.ptx 92 : 382413 3495304 0 0 0 0 0 0 0 
color_max.1.sm_52.ptx 91 : 382413 3587014 0 0 0 0 0 0 0 
color_max.1.sm_52.ptx 90 : 382413 2498060 0 0 0 0 0 0 0 
color_max.1.sm_52.ptx 88 : 809234 2462218 0 0 0 0 0 0 78039 
color_max.1.sm_52.ptx 87 : 809234 5286904 0 0 0 0 0 0 0 
color_max.1.sm_52.ptx 86 : 809234 5274491 0 0 0 0 0 0 0 
color_max.1.sm_52.ptx 85 : 809234 5312543 0 0 0 0 0 0 0 
color_max.1.sm_52.ptx 83 : 1098749 1678139 0 0 0 0 0 0 70102 
color_max.1.sm_52.ptx 82 : 1098749 7221477 0 0 0 0 0 0 0 
color_max.1.sm_52.ptx 81 : 1098749 7240260 0 0 0 0 0 0 0 
color_max.1.sm_52.ptx 80 : 1098749 7227937 0 0 0 0 0 0 0 
color_max.1.sm_52.ptx 78 : 1406815 1791259 0 0 0 0 0 0 75483 
color_max.1.sm_52.ptx 77 : 1406815 9092184 0 0 0 0 0 0 0 
color_max.1.sm_52.ptx 76 : 1406815 9083297 0 0 0 0 0 0 0 
color_max.1.sm_52.ptx 75 : 1406815 8863354 0 0 0 0 0 0 0 
color_max.1.sm_52.ptx 74 : 1406815 8763635 0 0 0 0 0 0 0 
color_max.1.sm_52.ptx 47 : 2693376 27147200 0 0 0 0 0 0 0 
color_max.1.sm_52.ptx 46 : 2693376 17355616 0 0 0 0 0 0 0 
color_max.1.sm_52.ptx 124 : 809234 5052984 0 0 0 0 0 0 0 
color_max.1.sm_52.ptx 45 : 2693376 17385792 0 0 0 0 0 0 0 
color_max.1.sm_52.ptx 212 : 1922170 18665418 0 0 0 0 0 0 0 
color_max.1.sm_52.ptx 123 : 809234 4999326 0 0 0 0 0 0 0 
color_max.1.sm_52.ptx 44 : 2693376 17598048 0 0 0 0 0 0 0 
color_max.1.sm_52.ptx 211 : 1922170 633822545 4283200 0 0 1435797 432899 0 0 
color_max.1.sm_52.ptx 122 : 809234 227706550 428608 0 0 581907 83865 0 0 
color_max.1.sm_52.ptx 43 : 2693376 17985120 0 0 0 0 0 0 0 
color_max.1.sm_52.ptx 210 : 1922170 17768599 0 0 0 0 0 0 0 
color_max.1.sm_52.ptx 121 : 809234 7472558 0 0 0 0 0 0 0 
color_max.1.sm_52.ptx 42 : 2693376 18101312 0 0 0 0 0 0 0 
color_max.1.sm_52.ptx 209 : 1922170 18288307 0 0 0 0 0 0 0 
color_max.1.sm_52.ptx 120 : 809234 7404239 0 0 0 0 0 0 0 
color_max.1.sm_52.ptx 41 : 2693376 19723008 0 0 0 0 0 0 0 
color_max.1.sm_52.ptx 208 : 1922170 227860044 11360 0 0 1863408 432899 0 0 
color_max.1.sm_52.ptx 119 : 809234 334467032 10572160 0 0 650380 83865 0 0 
color_max.1.sm_52.ptx 40 : 2693376 28534528 0 0 0 0 0 0 0 
color_max.1.sm_52.ptx 207 : 1922170 18092923 0 0 0 432899 432899 0 0 
color_max.1.sm_52.ptx 118 : 809234 7498057 0 0 0 0 0 0 0 
color_max.1.sm_52.ptx 39 : 2693376 43871264 0 0 0 0 0 0 0 
color_max.1.sm_52.ptx 206 : 1922170 10528185 0 0 0 0 0 0 0 
color_max.1.sm_52.ptx 117 : 809234 7382017 0 0 0 0 0 0 0 
color_max.1.sm_52.ptx 38 : 2693376 45382976 0 0 0 0 0 0 0 
color_max.1.sm_52.ptx 33 : 2693376 33398752 0 0 0 0 0 0 0 
color_max.1.sm_52.ptx 200 : 2507740 16057475 0 0 0 0 0 0 0 
color_max.1.sm_52.ptx 111 : 317842 2916501 0 0 0 0 0 0 0 
color_max.1.sm_52.ptx 32 : 2693376 20174944 0 0 0 0 0 0 0 
color_max.1.sm_52.ptx 199 : 2507740 792403516 4084416 0 0 1888662 496404 0 0 
color_max.1.sm_52.ptx 69 : 1406815 0 0 0 0 0 0 0 0 
color_max.1.sm_52.ptx 236 : 2507740 23326876 0 0 0 0 0 0 0 
color_max.1.sm_52.ptx 34 : 2693376 42520224 0 0 0 0 0 0 0 
color_max.1.sm_52.ptx 201 : 2507740 15733707 0 0 0 0 0 0 0 
color_max.1.sm_52.ptx 71 : 1406815 13183790 0 0 0 0 0 0 0 
color_max.1.sm_52.ptx 238 : 2507740 16050961 0 0 0 0 0 0 0 
color_max.1.sm_52.ptx 114 : 382413 3883631 0 0 0 0 0 0 0 
color_max.1.sm_52.ptx 35 : 2693376 42645024 0 0 0 0 0 0 0 
color_max.1.sm_52.ptx 202 : 2507740 3053167 0 0 0 0 0 0 210471 
color_max.1.sm_52.ptx 72 : 1406815 10736154 0 0 0 0 0 0 0 
color_max.1.sm_52.ptx 239 : 2507740 15690593 0 0 0 0 0 0 0 
color_max.1.sm_52.ptx 36 : 2693376 44718208 0 0 0 0 0 0 0 
color_max.1.sm_52.ptx 203 : 1922170 10422382 0 0 0 0 0 0 0 
color_max.1.sm_52.ptx 73 : 1406815 14553963 0 0 0 0 0 0 0 
color_max.1.sm_52.ptx 37 : 2693376 45072864 0 0 0 0 0 0 0 
color_max.1.sm_52.ptx 48 : 2693376 17362560 0 0 0 0 0 0 0 
color_max.1.sm_52.ptx 215 : 2507740 661073730 6005472 0 0 2427182 496404 0 0 
color_max.1.sm_52.ptx 49 : 2693376 10566 0 0 0 0 0 0 9 
color_max.1.sm_52.ptx 216 : 2507740 23641289 0 0 0 0 0 0 0 
color_max.1.sm_52.ptx 51 : 2691603 26598507 0 0 0 0 0 0 0 
color_max.1.sm_52.ptx 218 : 2507740 810610182 4786560 0 0 1899943 496404 0 0 
color_max.1.sm_52.ptx 52 : 2691603 26249867 0 0 0 0 0 0 0 
color_max.1.sm_52.ptx 219 : 2507740 16205161 0 0 0 0 0 0 0 
color_max.1.sm_52.ptx 53 : 2691603 947727653 3056832 0 0 336456 84114 0 0 
color_max.1.sm_52.ptx 220 : 2507740 15565268 0 0 0 0 0 0 0 
color_max.1.sm_52.ptx 54 : 2691603 16727634 0 0 0 0 0 0 0 
color_max.1.sm_52.ptx 221 : 2507740 3247275 0 0 0 0 0 0 214640 
color_max.1.sm_52.ptx 55 : 2691603 6947141 0 0 0 0 0 0 74617 
color_max.1.sm_52.ptx 222 : 1886326 10252146 0 0 0 0 0 0 0 
color_max.1.sm_52.ptx 57 : 1406815 8889931 0 0 0 0 0 0 0 
color_max.1.sm_52.ptx 58 : 1406815 13066842 0 0 0 0 0 0 0 
color_max.1.sm_52.ptx 225 : 1886326 10352210 0 0 0 0 0 0 0 
color_max.1.sm_52.ptx 59 : 1406815 571154596 9680800 0 0 319441 83999 0 0 
color_max.1.sm_52.ptx 226 : 1886326 18686529 0 0 0 428801 428801 0 0 
color_max.1.sm_52.ptx 60 : 1406815 12841663 0 0 0 0 0 0 0 
color_max.1.sm_52.ptx 227 : 1886326 228418414 16448 0 0 1828674 428801 0 0 
color_max.1.sm_52.ptx 61 : 1406815 8957441 0 0 0 0 0 0 0 
color_max.1.sm_52.ptx 228 : 1886326 18102906 0 0 0 0 0 0 0 
color_max.1.sm_52.ptx 62 : 1406815 5 0 0 0 0 0 0 1 
color_max.1.sm_52.ptx 229 : 1886326 17499854 0 0 0 0 0 0 0 
color_max.1.sm_52.ptx 64 : 1406814 555821805 653728 0 0 362286 83999 0 0 
color_max.1.sm_52.ptx 231 : 1886326 18431328 0 0 0 0 0 0 0 
color_max.1.sm_52.ptx 67 : 1406815 7591773 0 0 0 0 0 0 0 
color_max.1.sm_52.ptx 234 : 2507740 653837300 5884000 0 0 2427222 496404 0 0 
color_max.1.sm_52.ptx 68 : 1406815 8761972 0 0 0 0 0 0 0 
color_max.1.sm_52.ptx 235 : 2507740 23728152 0 0 0 0 0 0 0 
color_max.1.sm_52.ptx 125 : 809234 4993334 0 0 0 0 0 0 0 
color_max.1.sm_52.ptx 126 : 809234 801707 0 0 0 0 0 0 60117 
color_max.1.sm_52.ptx 127 : 656785 3603686 0 0 0 0 0 0 0 
color_max.1.sm_52.ptx 130 : 656785 3640215 0 0 0 0 0 0 0 
color_max.1.sm_52.ptx 131 : 656785 3346603 0 0 0 83040 83040 0 0 
color_max.1.sm_52.ptx 132 : 656785 48083793 0 0 0 532391 83040 0 0 
color_max.1.sm_52.ptx 133 : 656785 5983872 0 0 0 0 0 0 0 
color_max.1.sm_52.ptx 134 : 656785 5983474 0 0 0 0 0 0 0 
color_max.1.sm_52.ptx 135 : 656785 218998938 1148736 0 0 473312 83040 0 0 
color_max.1.sm_52.ptx 136 : 656785 6075110 0 0 0 0 0 0 0 
color_max.1.sm_52.ptx 139 : 809234 8251830 0 0 0 0 0 0 0 
color_max.1.sm_52.ptx 142 : 1098749 10023360 0 0 0 0 0 0 0 
color_max.1.sm_52.ptx 143 : 1098749 10015236 0 0 0 0 0 0 0 
color_max.1.sm_52.ptx 144 : 1098749 416407172 7709536 0 0 843478 83958 0 0 
color_max.1.sm_52.ptx 145 : 1098749 10054320 0 0 0 0 0 0 0 
color_max.1.sm_52.ptx 146 : 1098749 10016387 0 0 0 0 0 0 0 
color_max.1.sm_52.ptx 147 : 1098749 337859364 650688 0 0 740244 83958 0 0 
color_max.1.sm_52.ptx 148 : 1098749 6839000 0 0 0 0 0 0 0 
color_max.1.sm_52.ptx 149 : 1098749 6859346 0 0 0 0 0 0 0 
color_max.1.sm_52.ptx 150 : 1098749 6771477 0 0 0 0 0 0 0 
color_max.1.sm_52.ptx 151 : 1098749 1472568 0 0 0 0 0 0 77815 
color_max.1.sm_52.ptx 152 : 818584 4477567 0 0 0 0 0 0 0 
color_max.1.sm_52.ptx 155 : 818584 4514142 0 0 0 0 0 0 0 
color_max.1.sm_52.ptx 156 : 818584 5157592 0 0 0 83002 83002 0 0 
color_max.1.sm_52.ptx 157 : 818584 83777737 0 0 0 660025 83002 0 0 
color_max.1.sm_52.ptx 158 : 818584 7583512 0 0 0 0 0 0 0 
color_max.1.sm_52.ptx 159 : 818584 7565988 0 0 0 0 0 0 0 
color_max.1.sm_52.ptx 160 : 818584 283616359 1518432 0 0 556821 83002 0 0 
color_max.1.sm_52.ptx 161 : 818584 7699351 0 0 0 0 0 0 0 
color_max.1.sm_52.ptx 164 : 1098749 11155446 0 0 0 0 0 0 0 
color_max.1.sm_52.ptx 165 : 1098749 6871789 0 0 0 0 0 0 0 
color_max.1.sm_52.ptx 168 : 1406815 8822576 0 0 0 0 0 0 0 
color_max.1.sm_52.ptx 169 : 1406815 2573287 0 0 0 0 0 0 76071 
color_max.1.sm_52.ptx 171 : 927057 8511143 0 0 0 0 0 0 0 
color_max.1.sm_52.ptx 172 : 927057 8596282 0 0 0 0 0 0 0 
color_max.1.sm_52.ptx 173 : 927057 6690757 0 0 0 0 0 0 0 
color_max.1.sm_52.ptx 176 : 2507740 807943055 12733920 0 0 2427315 496404 0 0 
color_max.1.sm_52.ptx 177 : 2507740 23257084 0 0 0 0 0 0 0 
color_max.1.sm_52.ptx 178 : 2507740 23170124 0 0 0 0 0 0 0 
color_max.1.sm_52.ptx 179 : 2507740 777450709 3505120 0 0 1892313 496404 0 0 
color_max.1.sm_52.ptx 180 : 2507740 15890183 0 0 0 0 0 0 0 
color_max.1.sm_52.ptx 181 : 2507740 15620203 0 0 0 0 0 0 0 
color_max.1.sm_52.ptx 182 : 2507740 15480625 0 0 0 0 0 0 0 
color_max.1.sm_52.ptx 183 : 2507740 2857888 0 0 0 0 0 0 203532 
color_max.1.sm_52.ptx 184 : 1960321 10654202 0 0 0 0 0 0 0 
color_max.1.sm_52.ptx 187 : 1960321 10722144 0 0 0 0 0 0 0 
color_max.1.sm_52.ptx 188 : 1960321 16612865 0 0 0 435120 435120 0 0 
color_max.1.sm_52.ptx 189 : 1960321 236377498 8832 0 0 1899421 435120 0 0 
color_max.1.sm_52.ptx 190 : 1960321 18426798 0 0 0 0 0 0 0 
color_max.1.sm_52.ptx 191 : 1960321 17982304 0 0 0 0 0 0 0 
color_max.1.sm_52.ptx 192 : 1960321 634356753 3724512 0 0 1466722 435120 0 0 
color_max.1.sm_52.ptx 193 : 1960321 18594159 0 0 0 0 0 0 0 
color_max.1.sm_52.ptx 196 : 2507740 667989540 6092448 0 0 2427303 496404 0 0 
color_max.1.sm_52.ptx 197 : 2507740 23589381 0 0 0 0 0 0 0 
color_max.1.sm_52.ptx 198 : 2507740 23267174 0 0 0 0 0 0 0 
color_max.1.sm_52.ptx 217 : 2507740 23305743 0 0 0 0 0 0 0 
color_max.1.sm_52.ptx 230 : 1886326 634610920 4937952 0 0 1414663 428801 0 0 
color_max.1.sm_52.ptx 237 : 2507740 826105027 5555008 0 0 1930561 496404 0 0 
